bias: [-4.666606066767974, 0.5434270995963144, 14.011509776463642, -0.04021727268989301,
  -0.6908213855966036, 0.07672378602135642]
calib_file_dir: ~/.ros/ft_calib
calib_file_name: right_arm_ft_calib_data.yaml
gripper_com_frame_id: /r_force_torque_link
gripper_com_pose: [0.0024325074331319313, 0.001757820324302114, -0.08476543462480673,
  0.0, 0.0, 0.0]
gripper_mass: 1.0645590549005015
loop_rate: 1000.0
moveit_group_name: right_arm
number_random_poses: 40
pose0: [-0.486, 0.367, -0.0, 1.571, 1.571, 3.13]
pose1: [-0.486, 0.367, -0.0, 1.571, 0.8, 3.14]
pose10: [-0.486, 0.367, -0.0, 1.1, 0.0, 3.14]
pose11: [-0.486, 0.367, -0.0, 0.8, 0.0, 3.14]
pose12: [-0.486, 0.367, -0.0, 0.4, 0.0, 3.14]
pose13: [-0.486, 0.367, -0.0, 0.01, 0.0, 3.14]
pose14: [-0.486, 0.367, -0.0, 3.093, -0.012, -2.467]
pose15: [-0.486, 0.367, -0.0, 2.843, -0.012, -2.467]
pose16: [-0.486, 0.367, -0.0, 2.372, -0.012, -2.467]
pose17: [-0.486, 0.367, -0.0, 2.0, -0.012, -2.467]
pose18: [-0.486, 0.367, -0.0, 1.6, -0.012, -2.467]
pose19: [-0.486, 0.367, -0.0, 1.2, -0.012, -2.467]
pose2: [-0.486, 0.367, -0.0, 1.571, 0.4, 3.14]
pose20: [-0.486, 0.367, -0.0, 0.8, -0.012, -2.467]
pose21: [-0.486, 0.367, -0.0, 0.4, -0.012, -2.467]
pose22: [-0.486, 0.367, -0.0, 0.0, -0.012, -2.467]
pose23: [-0.486, 0.367, -0.0, 2.399, -0.568, 1.058]
pose24: [-0.486, 0.367, -0.0, 2.083, -0.858, 1.531]
pose25: [-0.486, 0.367, -0.0, 1.48, -0.962, 2.28]
pose26: [-0.486, 0.367, -0.0, 0.89, -0.748, 3.043]
pose27: [-0.486, 0.367, -0.0, 0.677, -0.429, -2.865]
pose28: [-0.486, 0.367, -0.0, 0.607, -0.049, -2.576]
pose29: [-0.486, 0.367, -0.0, 0.621, 0.207, -2.396]
pose3: [-0.486, 0.367, -0.0, 1.571, 0.0, 3.14]
pose30: [-0.486, 0.367, -0.0, 2.252, 0.384, -2.121]
pose31: [-0.486, 0.367, -0.0, 2.258, -0.402, -2.726]
pose32: [-0.486, 0.367, -0.0, 2.425, -0.685, -3.043]
pose33: [-0.486, 0.367, -0.0, 2.785, -0.898, 2.742]
pose34: [-0.486, 0.367, -0.0, -2.869, -0.919, 1.958]
pose4: [-0.486, 0.367, -0.0, 1.571, -0.4, 3.14]
pose5: [-0.486, 0.367, -0.0, 1.571, -0.8, 3.14]
pose6: [-0.486, 0.367, -0.0, 1.571, -1.571, 3.14]
pose7: [-0.486, 0.367, -0.0, 2.8, 0.0, 3.14]
pose8: [-0.486, 0.367, -0.0, 2.3, 0.0, 3.14]
pose9: [-0.486, 0.367, -0.0, 2.0, 0.0, 3.14]
poses_frame_id: base_link
random_poses: true
wait_time: 2.0
