image_width: 1280
image_height: 1024
camera_name: pg_cam_13400115
camera_matrix:
  rows: 3
  cols: 3
  data: [1193.46014097259, 0, 634.760878286919, 0, 1195.24278178367, 504.692759975603, 0, 0, 1]
distortion_model: plumb_bob
distortion_coefficients:
  rows: 1
  cols: 5
  data: [-0.189145581242526, 0.121028975464064, 0.000197423416540361, 0.000253333299739451, 0]
rectification_matrix:
  rows: 3
  cols: 3
  data: [1, 0, 0, 0, 1, 0, 0, 0, 1]
projection_matrix:
  rows: 3
  cols: 4
  data: [1135.50598144531, 0, 634.152129001668, 0, 0, 1155.35095214844, 503.902443585157, 0, 0, 0, 1, 0]