KL <3 3>
[ 833.247 0 504.828
  0 830.596 397.917
  0 0 1 ]
KR <3 3>
[ 841.823 0 501.845
  0 838.572 390.321
  0 0 1 ]
dL <1 5>
[ -0.346841 0.160986 0 0 0 ]
dR <1 5>
[ -0.383122 0.208781 0 0 0 ]
R <3 3>
[ 0.99998 0.00486873 0.00411583
  -0.00482647 0.999936 -0.0102178
  -0.00416532 0.0101977 0.999939 ]
T <3 1>
[ -0.121004
  0.00105798
  0.00435493 ]
E <3 3>
[ 1.66121e-05 -0.00434387 0.00110241
  0.00385083 0.00125517 0.121014
  -0.000473938 -0.121001 0.00123204 ]
F <3 3>
[ 8.98976e-09 -2.35821e-06 0.00143093
  2.09198e-06 6.84052e-07 0.0534507
  -0.00103696 -0.0543825 1 ]
RL <3 3>
[ 0.999487 -0.00423819 -0.0317609
  0.00407494 0.999978 -0.00520294
  0.0317823 0.00507084 0.999482 ]
RR <3 3>
[ 0.999315 -0.00873738 -0.0359654
  0.00892207 0.999948 0.00497793
  0.03592 -0.0052954 0.999341 ]
PL <3 4>
[ 789.372 0 537.46 0
  0 789.372 394.18 0
  0 0 1 0 ]
PR <3 4>
[ 789.372 0 537.46 -95.5257
  0 789.372 394.18 0
  0 0 1 0 ]
Q <4 4>
[ 1 0 0 -537.46
  0 1 0 -394.18
  0 0 0 789.372
  0 0 -8.26346 -0 ]