cameraMatrix1 <3 3>
[ 2020.99 0 562.548
  0 2020.99 525.659
  0 0 1 ]
cameraMatrix2 <3 3>
[ 2020.99 0 497.131
  0 2020.99 464.381
  0 0 1 ]
distCoeffs1 <1 5>
[ -1.84397 4.61302 0 0 0 ]
distCoeffs2 <1 5>
[ -2.78191 11.0044 0 0 0 ]
R <3 3>
[ 0.99904 -0.0169957 0.0403826
  0.0160653 0.999601 0.0232532
  -0.0407617 -0.0225821 0.998914 ]
T <3 1>
[ -4.29276
  -5.2385e-05
  -0.322561 ]
E <3 3>
[ 0.00518419 0.322434 0.00744825
  -0.497232 -0.0914573 4.27507
  -0.0689123 -4.29104 -0.0998182 ]
F <3 3>
[ 3.62369e-08 2.25378e-06 -0.00109988
  -3.47559e-06 -6.39277e-07 0.062683
  0.000622495 -0.061441 1 ]
R1 <3 3>
[ 0.993177 -0.0186278 0.115118
  0.017341 0.999776 0.0121704
  -0.115318 -0.0100911 0.993277 ]
R2 <3 3>
[ 0.997189 1.21688e-05 0.0749296
  0.000823868 0.999938 -0.0111267
  -0.0749251 0.0111572 0.997127 ]
P1 <3 4>
[ 2113.33 0 377.034 0
  0 2113.33 481.988 0
  0 0 1 0 ]
P2 <3 4>
[ 2113.33 0 377.034 -9055.99
  0 2113.33 481.988 0
  0 0 1 0 ]
Q <4 4>
[ 1 0 0 -377.034
  0 1 0 -481.988
  0 0 0 2113.33
  0 0 -0.233363 -0 ]