   6.5943287e-06   1.2486243e-05   1.2526493e-05  -5.9453475e-06  -1.1338629e-05  -1.1435934e-05   1.4449503e-04  -2.1331753e-04  -1.5314578e-03   1.4005120e-03
   1.2486243e-05   2.4048657e-05   2.4240841e-05  -1.1503543e-05  -2.2251227e-05  -2.2523471e-05   4.3199316e-04  -4.8651511e-04  -2.7974666e-03   2.5452891e-03
   1.2526493e-05   2.4240841e-05   2.4673294e-05  -1.1455685e-05  -2.2219220e-05  -2.2682896e-05   4.8377505e-04  -6.0174002e-04  -2.7842592e-03   2.3843063e-03
  -5.9453475e-06  -1.1503543e-05  -1.1455685e-05   1.1977913e-05   2.3029802e-05   2.3086707e-05  -2.2298576e-04   1.7978245e-04   1.3101067e-03  -1.3043268e-03
  -1.1338629e-05  -2.2251227e-05  -2.2219220e-05   2.3029802e-05   4.4901139e-05   4.5153950e-05  -5.4628576e-04   3.9056324e-04   2.4184725e-03  -2.4226637e-03
  -1.1435934e-05  -2.2523471e-05  -2.2682896e-05   2.3086707e-05   4.5153950e-05   4.5787828e-05  -5.8694345e-04   4.9196742e-04   2.4244730e-03  -2.3172079e-03
   1.4449503e-04   4.3199316e-04   4.8377505e-04  -2.2298576e-04  -5.4628576e-04  -5.8694345e-04   6.5127152e-02  -3.8694156e-02   6.1639505e-03  -1.5395997e-02
  -2.1331753e-04  -4.8651511e-04  -6.0174002e-04   1.7978245e-04   3.9056324e-04   4.9196742e-04  -3.8694156e-02   1.0402482e-01   3.1150932e-02  -4.4644986e-03
  -1.5314578e-03  -2.7974666e-03  -2.7842592e-03   1.3101067e-03   2.4184725e-03   2.4244730e-03   6.1639505e-03   3.1150932e-02   3.8172181e-01  -3.4716611e-01
   1.4005120e-03   2.5452891e-03   2.3843063e-03  -1.3043268e-03  -2.4226637e-03  -2.3172079e-03  -1.5395997e-02  -4.4644986e-03  -3.4716611e-01   4.6124860e-01
