cameraMatrix1 <3 3>
[ 726.172 0 499.419
  0 726.172 402.899
  0 0 1 ]
cameraMatrix2 <3 3>
[ 726.172 0 516.635
  0 726.172 388.494
  0 0 1 ]
distCoeffs1 <1 5>
[ -0.26233 0.0413051 0 0 0.090186 ]
distCoeffs2 <1 5>
[ -0.250062 0.0718628 0 0 -0.00320917 ]
R <3 3>
[ 0.999961 0.00397587 -0.00794519
  -0.00399211 0.99999 -0.00202968
  0.00793704 0.00206132 0.999966 ]
T <3 1>
[ -4.22679
  0.0329781
  0.0248144 ]
E <3 3>
[ 0.00036081 -0.0247462 0.0330273
  0.0583616 0.00881142 4.22645
  -0.016103 -4.22688 0.00884105 ]
F <3 3>
[ 7.20286e-09 -4.94009e-07 0.000674222
  1.16507e-06 1.75903e-07 0.0606163
  -0.000689783 -0.0610884 1 ]
R1 <3 3>
[ 0.999897 -0.00383814 -0.0137992
  0.00382373 0.999992 -0.0010705
  0.0138032 0.00101763 0.999904 ]
R2 <3 3>
[ 0.999952 -0.00780179 -0.00587047
  0.00780791 0.999969 0.00102119
  0.00586232 -0.00106697 0.999982 ]
P1 <3 4>
[ 691.635 0 519.408 0
  0 691.635 394.601 0
  0 0 1 0 ]
P2 <3 4>
[ 691.635 0 519.408 -2923.34
  0 691.635 394.601 0
  0 0 1 0 ]
Q <4 4>
[ 1 0 0 -519.408
  0 1 0 -394.601
  0 0 0 691.635
  0 0 -0.23659 -0 ]