 0.035703 -0.16593 0.948978  -0.939684 0.342047 0.000594907  -0.278351 -0.765702 0.579847  0.198791 0.544707 0.814725 0
 0.0357028 -0.16593 0.948977  -0.939684 0.342048 0.00059547  -0.27835 -0.765703 0.579848  0.198791 0.544707 0.814725 578
 0.0357027 -0.16593 0.948977  -0.939684 0.342048 0.000595845  -0.27835 -0.765703 0.579848  0.198792 0.544707 0.814725 577
 0.0357025 -0.16593 0.948977  -0.939684 0.342048 0.000596408  -0.27835 -0.765703 0.579848  0.198792 0.544707 0.814725 577
 0.0357024 -0.16593 0.948977  -0.939684 0.342048 0.000596971  -0.27835 -0.765703 0.579848  0.198793 0.544707 0.814725 578
 0.0357022 -0.16593 0.948977  -0.939683 0.342048 0.000597865  -0.27835 -0.765703 0.579846  0.198793 0.544705 0.814726 575
 0.0357021 -0.165929 0.948977  -0.939683 0.342048 0.00059824  -0.27835 -0.765703 0.579846  0.198793 0.544705 0.814726 576
 0.035702 -0.165929 0.948977  -0.939683 0.342048 0.000598615  -0.27835 -0.765703 0.579846  0.198794 0.544704 0.814726 573
 0.0357018 -0.165929 0.948977  -0.939683 0.342049 0.000599178  -0.278349 -0.765703 0.579846  0.198794 0.544704 0.814726 574
 0.0357017 -0.165929 0.948976  -0.939683 0.342049 0.000599741  -0.278349 -0.765703 0.579846  0.198795 0.544704 0.814726 582
 0.0357016 -0.165929 0.948976  -0.939683 0.342049 0.000599928  -0.278349 -0.765703 0.579846  0.198795 0.544704 0.814726 573
 0.0357015 -0.165929 0.948976  -0.939683 0.342047 0.000601091  -0.278347 -0.765703 0.579846  0.198795 0.544704 0.814726 573
 0.0357014 -0.165929 0.948976  -0.939683 0.342047 0.000601278  -0.278347 -0.765703 0.579846  0.198795 0.544704 0.814726 574
 0.0357013 -0.165929 0.948976  -0.939683 0.342047 0.000601654  -0.278347 -0.765703 0.579846  0.198796 0.544704 0.814726 577
 0.0357012 -0.165929 0.948976  -0.939683 0.342047 0.000602029  -0.278347 -0.765703 0.579847  0.198796 0.544704 0.814726 581
 0.0357011 -0.165928 0.948976  -0.939683 0.342047 0.000602216  -0.278347 -0.765703 0.579847  0.198796 0.544704 0.814725 575
 0.035701 -0.165928 0.948976  -0.939683 0.342048 0.000602592  -0.278347 -0.765703 0.579847  0.198797 0.544704 0.814725 577
 0.035701 -0.165928 0.948976  -0.939683 0.342048 0.000602779  -0.278347 -0.765703 0.579847  0.198797 0.544704 0.814725 577
 0.0357008 -0.165928 0.948976  -0.939682 0.342048 0.000603485  -0.278347 -0.765703 0.579845  0.198797 0.544702 0.814727 577
 0.0357007 -0.165928 0.948976  -0.939682 0.342048 0.00060386  -0.278346 -0.765703 0.579845  0.198797 0.544702 0.814727 581
 0.0357007 -0.165928 0.948976  -0.939682 0.342048 0.000604048  -0.278346 -0.765703 0.579845  0.198797 0.544702 0.814727 577
 0.0357006 -0.165928 0.948976  -0.939682 0.342048 0.000604423  -0.278346 -0.765703 0.579845  0.198798 0.544702 0.814726 576
 0.0357005 -0.165928 0.948976  -0.939682 0.342048 0.000604798  -0.278346 -0.765703 0.579845  0.198798 0.544702 0.814726 572
 0.0357004 -0.165928 0.948975  -0.939682 0.342048 0.000604986  -0.278346 -0.765703 0.579845  0.198798 0.544702 0.814726 576
 0.0357003 -0.165928 0.948975  -0.939682 0.342048 0.000605361  -0.278346 -0.765704 0.579845  0.198799 0.544702 0.814726 577
 0.0357002 -0.165928 0.948975  -0.939682 0.342048 0.000605737  -0.278346 -0.765704 0.579845  0.198799 0.544702 0.814726 576
 0.0357001 -0.165927 0.948975  -0.939682 0.342048 0.000605924  -0.278346 -0.765704 0.579845  0.198799 0.544702 0.814726 578
 0.0357 -0.165927 0.948975  -0.939682 0.342049 0.000606299  -0.278346 -0.765704 0.579845  0.1988 0.544702 0.814726 580
 0.0356999 -0.165927 0.948975  -0.939682 0.342047 0.000607462  -0.278344 -0.765704 0.579845  0.1988 0.544702 0.814726 578
 0.0356998 -0.165927 0.948975  -0.939682 0.342047 0.000607837  -0.278343 -0.765704 0.579845  0.1988 0.544701 0.814726 583
 0.0356997 -0.165927 0.948975  -0.939682 0.342047 0.000608025  -0.278343 -0.765704 0.579845  0.1988 0.544701 0.814726 575
 0.0356995 -0.165927 0.948975  -0.939682 0.342047 0.000608587  -0.278343 -0.765704 0.579846  0.198801 0.544701 0.814726 576
 0.0356994 -0.165927 0.948975  -0.93968 0.342047 0.000609481  -0.278343 -0.765704 0.579844  0.198801 0.544699 0.814727 576
 0.0356993 -0.165927 0.948975  -0.93968 0.342047 0.000609669  -0.278343 -0.765704 0.579844  0.198801 0.544699 0.814727 571
 0.0356992 -0.165927 0.948975  -0.93968 0.342047 0.000610044  -0.278343 -0.765704 0.579844  0.198801 0.544699 0.814727 571
 0.0356991 -0.165926 0.948974  -0.93968 0.342048 0.000610419  -0.278343 -0.765704 0.579844  0.198802 0.544699 0.814727 572
 0.0356991 -0.165926 0.948974  -0.93968 0.342048 0.000610607  -0.278343 -0.765704 0.579844  0.198802 0.544699 0.814727 571
 0.0356989 -0.165926 0.948974  -0.93968 0.342048 0.000611169  -0.278343 -0.765704 0.579844  0.198803 0.544699 0.814727 575
 0.0356988 -0.165926 0.948974  -0.939684 0.342048 0.000611651  -0.278343 -0.765708 0.579845  0.198803 0.5447 0.814727 572
 0.0356987 -0.165926 0.948974  -0.939684 0.342048 0.000612026  -0.278343 -0.765708 0.579845  0.198803 0.5447 0.814727 575
 0.0356985 -0.165926 0.948974  -0.939684 0.342049 0.000612401  -0.278343 -0.765708 0.579845  0.198804 0.544699 0.814727 578
 0.0356984 -0.165926 0.948974  -0.939684 0.342049 0.000612964  -0.278342 -0.765708 0.579845  0.198804 0.544699 0.814727 578
 0.0356983 -0.165926 0.948974  -0.939684 0.342049 0.000613152  -0.278342 -0.765708 0.579845  0.198805 0.544699 0.814727 574
 0.0356982 -0.165925 0.948974  -0.939684 0.342047 0.000614127  -0.27834 -0.765708 0.579845  0.198804 0.544699 0.814727 578
 0.0356981 -0.165925 0.948974  -0.939684 0.342047 0.000614502  -0.27834 -0.765708 0.579845  0.198805 0.544699 0.814727 579
 0.0356981 -0.165925 0.948974  -0.939684 0.342047 0.000614689  -0.27834 -0.765708 0.579845  0.198805 0.544699 0.814727 578
 0.035698 -0.165925 0.948974  -0.939684 0.342047 0.000615065  -0.27834 -0.765708 0.579845  0.198805 0.544699 0.814727 572
 0.0356979 -0.165925 0.948973  -0.939683 0.342047 0.000615771  -0.27834 -0.765708 0.579843  0.198805 0.544697 0.814728 572
 0.0356978 -0.165925 0.948973  -0.939683 0.342047 0.000615958  -0.27834 -0.765708 0.579843  0.198806 0.544697 0.814728 571
 0.0356977 -0.165925 0.948973  -0.939683 0.342047 0.000616333  -0.27834 -0.765708 0.579843  0.198806 0.544697 0.814728 577
 0.0356976 -0.165925 0.948973  -0.939683 0.342048 0.000616896  -0.27834 -0.765708 0.579844  0.198806 0.544697 0.814728 580
 0.0356974 -0.165925 0.948973  -0.939683 0.342048 0.000617272  -0.27834 -0.765708 0.579844  0.198807 0.544697 0.814728 579
 0.0356974 -0.165925 0.948973  -0.939683 0.342048 0.000617459  -0.27834 -0.765708 0.579844  0.198807 0.544697 0.814728 582
 0.0356972 -0.165924 0.948973  -0.939683 0.342048 0.000618022  -0.278339 -0.765709 0.579844  0.198808 0.544697 0.814728 576
 0.0356972 -0.165924 0.948973  -0.939683 0.342048 0.00061821  -0.278339 -0.765709 0.579844  0.198808 0.544697 0.814728 578
 0.0356971 -0.165924 0.948973  -0.939683 0.342048 0.000618585  -0.278339 -0.765709 0.579844  0.198808 0.544697 0.814728 579
 0.035697 -0.165924 0.948973  -0.939683 0.342048 0.000618772  -0.278339 -0.765709 0.579844  0.198808 0.544697 0.814727 577
 0.0356969 -0.165924 0.948973  -0.939683 0.342048 0.000619148  -0.278339 -0.765709 0.579844  0.198809 0.544697 0.814727 576
 0.0356968 -0.165924 0.948973  -0.939683 0.342049 0.000619523  -0.278339 -0.765709 0.579844  0.198809 0.544697 0.814727 572
 0.0356967 -0.165924 0.948973  -0.939683 0.342049 0.000619711  -0.278339 -0.765709 0.579844  0.198809 0.544697 0.814727 575
 0.0356966 -0.165924 0.948972  -0.939683 0.342049 0.000619898  -0.278339 -0.765709 0.579844  0.198809 0.544697 0.814727 570
 0.0356965 -0.165924 0.948972  -0.939682 0.342047 0.000621391  -0.278337 -0.765709 0.579842  0.198809 0.544695 0.814728 575
 0.0356964 -0.165924 0.948972  -0.939682 0.342047 0.000621579  -0.278337 -0.765709 0.579842  0.198809 0.544695 0.814728 575
 0.0356964 -0.165924 0.948972  -0.939682 0.342047 0.000621954  -0.278337 -0.765709 0.579842  0.19881 0.544695 0.814728 575
 0.0356963 -0.165924 0.948972  -0.939682 0.342047 0.000622142  -0.278337 -0.765709 0.579842  0.19881 0.544695 0.814728 570
 0.0356962 -0.165923 0.948972  -0.939682 0.342047 0.000622517  -0.278336 -0.765709 0.579842  0.19881 0.544694 0.814728 580
 0.0356961 -0.165923 0.948972  -0.939682 0.342047 0.000622892  -0.278336 -0.765709 0.579842  0.198811 0.544694 0.814728 578
 0.035696 -0.165923 0.948972  -0.939682 0.342047 0.00062308  -0.278336 -0.765709 0.579842  0.198811 0.544694 0.814728 570
 0.0356959 -0.165923 0.948972  -0.939682 0.342047 0.000623455  -0.278336 -0.765709 0.579843  0.198811 0.544694 0.814728 577
 0.0356958 -0.165923 0.948972  -0.939682 0.342048 0.00062383  -0.278336 -0.765709 0.579843  0.198812 0.544694 0.814728 571
 0.0356957 -0.165923 0.948972  -0.939682 0.342048 0.000624018  -0.278336 -0.765709 0.579843  0.198812 0.544694 0.814728 565
 0.0356956 -0.165923 0.948972  -0.939682 0.342048 0.000624581  -0.278336 -0.765709 0.579843  0.198812 0.544694 0.814728 572
 0.0356955 -0.165923 0.948972  -0.939682 0.342048 0.000624956  -0.278336 -0.765709 0.579843  0.198813 0.544694 0.814728 576
 0.0356954 -0.165923 0.948971  -0.939682 0.342048 0.000625331  -0.278336 -0.765709 0.579843  0.198813 0.544694 0.814728 572
 0.0356952 -0.165922 0.948971  -0.939682 0.342048 0.000625894  -0.278335 -0.765709 0.579843  0.198814 0.544694 0.814728 574
 0.0356951 -0.165922 0.948971  -0.93968 0.342048 0.0006266  -0.278335 -0.765709 0.579841  0.198814 0.544692 0.814729 576
 0.035695 -0.165922 0.948971  -0.93968 0.342048 0.000626787  -0.278335 -0.765709 0.579841  0.198814 0.544692 0.814729 572
 0.0356949 -0.165922 0.948971  -0.93968 0.342049 0.00062735  -0.278335 -0.765709 0.579841  0.198814 0.544692 0.814729 572
 0.0356948 -0.165922 0.948971  -0.93968 0.342047 0.000628137  -0.278333 -0.765709 0.579841  0.198814 0.544692 0.814729 579
 0.0356947 -0.165922 0.948971  -0.93968 0.342047 0.000628325  -0.278333 -0.765709 0.579841  0.198814 0.544692 0.814729 575
 0.0356946 -0.165922 0.948971  -0.93968 0.342047 0.000628888  -0.278333 -0.76571 0.579841  0.198815 0.544692 0.814729 576
 0.0356945 -0.165922 0.948971  -0.93968 0.342047 0.000629451  -0.278333 -0.76571 0.579841  0.198815 0.544692 0.814729 580
 0.0356944 -0.165922 0.948971  -0.939684 0.342048 0.000629745  -0.278333 -0.765713 0.579842  0.198816 0.544692 0.814729 574
 0.0356942 -0.165921 0.948971  -0.939684 0.342048 0.000630307  -0.278333 -0.765713 0.579842  0.198816 0.544692 0.814729 577
 0.0356941 -0.165921 0.94897  -0.939684 0.342048 0.000630683  -0.278333 -0.765713 0.579842  0.198817 0.544692 0.814729 579
 0.035694 -0.165921 0.94897  -0.939684 0.342048 0.000631058  -0.278333 -0.765714 0.579842  0.198817 0.544692 0.814729 577
 0.0356939 -0.165921 0.94897  -0.939684 0.342048 0.000631433  -0.278332 -0.765714 0.579842  0.198817 0.544692 0.814729 577
 0.0356938 -0.165921 0.94897  -0.939684 0.342048 0.000631621  -0.278332 -0.765714 0.579842  0.198817 0.544692 0.814729 580
 0.0356367 -0.166078 0.949089  -0.939681 0.342048 0.000630999  -0.278842 -0.767106 0.577749  0.198102 0.542725 0.816214 582
 0.035331 -0.166919 0.949714  -0.939682 0.342048 0.000627298  -0.28152 -0.774438 0.566563  0.194278 0.532212 0.824018 571
 0.0349469 -0.167976 0.950475  -0.939683 0.342046 0.000623331  -0.284775 -0.783352 0.552506  0.189471 0.519002 0.833509 575
 0.0346787 -0.168714 0.950989  -0.939681 0.342046 0.00062057  -0.286978 -0.789382 0.542694  0.186116 0.509782 0.83993 565
 0.0341875 -0.170065 0.951898  -0.939681 0.342047 0.000614882  -0.290872 -0.800034 0.524725  0.179973 0.492896 0.851271 561
 0.0338726 -0.170931 0.952458  -0.939685 0.342046 0.000612026  -0.293271 -0.806605 0.51321  0.176035 0.482075 0.858263 560
 0.0335463 -0.171828 0.953021  -0.939683 0.342047 0.00060839  -0.295683 -0.813202 0.501272  0.171953 0.470856 0.86529 561
 0.0332104 -0.172751 0.953582  -0.939685 0.342047 0.000604999  -0.298087 -0.819779 0.488989  0.167753 0.459314 0.87229 569
 0.0326339 -0.174337 0.954502  -0.939683 0.342045 0.000599929  -0.302029 -0.830569 0.467903  0.160542 0.439499 0.88378 578
 0.0322798 -0.17531 0.955042  -0.939683 0.342046 0.000596263  -0.304343 -0.836896 0.454953  0.156114 0.42733 0.890515 598
 0.0319206 -0.176298 0.95557  -0.939684 0.342045 0.000593025  -0.306605 -0.843086 0.441816  0.151621 0.414985 0.897106 611
 0.0315568 -0.177298 0.956085  -0.939683 0.342046 0.000589217  -0.308813 -0.849122 0.428516  0.147072 0.402487 0.903534 607
 0.030942 -0.178988 0.956912  -0.939682 0.342046 0.000583612  -0.312359 -0.858818 0.406033  0.139383 0.38136 0.913858 621
 0.0305685 -0.180014 0.957389  -0.939682 0.342046 0.000580209  -0.314401 -0.864402 0.392376  0.134712 0.368527 0.919805 621
 0.030192 -0.181049 0.95785  -0.939683 0.342045 0.000576753  -0.316377 -0.869804 0.37861  0.130003 0.355591 0.925556 623
 0.0294307 -0.183142 0.958724  -0.939683 0.342044 0.000569896  -0.320123 -0.880043 0.350775  0.120482 0.329435 0.936459 631
 0.0287887 -0.184906 0.959402  -0.939684 0.342045 0.000563996  -0.323031 -0.887989 0.327305  0.112454 0.307381 0.944918 625
 0.0284006 -0.185973 0.959787  -0.939683 0.342044 0.000560615  -0.32468 -0.892491 0.313115  0.107599 0.294047 0.949715 626
 0.0277491 -0.187763 0.96039  -0.939685 0.342044 0.000554952  -0.327267 -0.899558 0.2893  0.0994523 0.271669 0.957238 628
 0.0273557 -0.188844 0.960729  -0.939683 0.342044 0.000551208  -0.328722 -0.903526 0.27492  0.0945326 0.258156 0.961467 618
 0.0269605 -0.18993 0.961051  -0.939683 0.342044 0.000547753  -0.330103 -0.907295 0.260473  0.0895902 0.244582 0.965481 611
 0.0265636 -0.191021 0.961356  -0.939683 0.342043 0.00054427  -0.331409 -0.91086 0.245969  0.0846277 0.230953 0.969278 586
 0.0258988 -0.192847 0.961825  -0.939685 0.342043 0.000538464  -0.333421 -0.916349 0.221669  0.0763135 0.208119 0.975122 585
 0.025498 -0.193949 0.962083  -0.939682 0.342043 0.000535098  -0.33453 -0.919364 0.207019  0.0713014 0.194353 0.978337 588
 0.025096 -0.195053 0.962323  -0.939684 0.342044 0.000531478  -0.335563 -0.922176 0.192324  0.0662733 0.180545 0.981331 555
 0.0244232 -0.196902 0.962685  -0.939684 0.342043 0.000525609  -0.337114 -0.926401 0.167735  0.0578595 0.157441 0.985832 551
 0.0240181 -0.198015 0.962878  -0.939685 0.342043 0.00052212  -0.337945 -0.928659 0.15293  0.0527936 0.14353 0.988237 552
 0.023612 -0.19913 0.963053  -0.939683 0.342043 0.0005186  -0.338699 -0.930706 0.138091  0.0477156 0.129586 0.990419 554
 0.0232051 -0.200248 0.963211  -0.939683 0.342042 0.000515123  -0.339376 -0.932544 0.12322  0.0426269 0.115613 0.992379 549
 0.0225253 -0.202116 0.963434  -0.939685 0.342043 0.000509357  -0.340337 -0.935144 0.0983754  0.0341249 0.0922685 0.995149 555
 0.0221165 -0.203239 0.963544  -0.939686 0.342043 0.000505916  -0.34081 -0.936424 0.0834379  0.029013 0.0782328 0.996513 561
 0.0217072 -0.204363 0.963636  -0.939684 0.342042 0.000502457  -0.341206 -0.93749 0.0684815  0.0238946 0.0641796 0.997652 552
 0.0212975 -0.205488 0.96371  -0.939684 0.342042 0.000498931  -0.341527 -0.938347 0.0535098  0.0187708 0.0501119 0.998567 551
 0.0206139 -0.207366 0.963794  -0.939684 0.342041 0.000493149  -0.341889 -0.939307 0.0285317  0.0102222 0.0266422 0.999593 559
 0.0202035 -0.208493 0.96382  -0.939687 0.342042 0.000489657  -0.342005 -0.939603 0.0135352  0.0050897 0.0125514 0.999908 550
 0.0193825 -0.210748 0.963818  -0.939685 0.342041 0.000482694  -0.342002 -0.939555 -0.0164635  -0.00517765 -0.0156355 0.999864 563
 0.0186985 -0.212627 0.963761  -0.939684 0.34204 0.000476872  -0.341764 -0.938869 -0.0414522  -0.0137306 -0.039115 0.99914 564
 0.0182885 -0.213753 0.963704  -0.939684 0.34204 0.000473402  -0.34152 -0.938178 -0.0564341  -0.0188586 -0.053192 0.998406 560
 0.0178788 -0.214878 0.963628  -0.939686 0.34204 0.000469919  -0.341199 -0.937276 -0.0714032  -0.0239823 -0.0672569 0.997447 520
 0.0171969 -0.21675 0.963461  -0.939687 0.342041 0.000464141  -0.340493 -0.935303 -0.0963145  -0.0325094 -0.0906633 0.995351 541
 0.0167885 -0.217872 0.963338  -0.939687 0.342041 0.000460673  -0.339967 -0.933838 -0.111233  -0.0376161 -0.104681 0.993794 535
 0.0162451 -0.219364 0.963145  -0.939687 0.34204 0.00045604  -0.339144 -0.931558 -0.131086  -0.0444116 -0.123334 0.991371 539
 0.0155679 -0.221224 0.96286  -0.939686 0.342041 0.000450186  -0.337928 -0.928184 -0.155826  -0.052881 -0.14658 0.987784 576
 0.0148933 -0.223076 0.962525  -0.939687 0.34204 0.000444416  -0.336499 -0.924231 -0.180469  -0.0613169 -0.169734 0.983581 579
 0.01449 -0.224184 0.9623  -0.939687 0.342039 0.000440807  -0.33554 -0.921581 -0.195202  -0.0663605 -0.183577 0.980763 580
 0.0136871 -0.226388 0.961798  -0.939685 0.342039 0.000434073  -0.333397 -0.915658 -0.224533  -0.0764017 -0.211136 0.974466 577
 0.0130222 -0.228214 0.961326  -0.939684 0.342038 0.000427889  -0.33138 -0.910094 -0.248821  -0.0847168 -0.233955 0.968549 558
 0.0126252 -0.229304 0.96102  -0.939687 0.342039 0.000424685  -0.330073 -0.906486 -0.263321  -0.0896812 -0.247579 0.964708 577
 0.0119673 -0.23111 0.960471  -0.939687 0.342039 0.000418865  -0.327726 -0.900014 -0.287354  -0.0979092 -0.27016 0.957824 538
 0.0115749 -0.232188 0.960118  -0.939687 0.342038 0.000415231  -0.326219 -0.895862 -0.301688  -0.102817 -0.283628 0.953407 540
 0.0111843 -0.23326 0.959748  -0.939687 0.342039 0.000412005  -0.32464 -0.891507 -0.315955  -0.107702 -0.297032 0.948774 545
 0.0107956 -0.234327 0.959361  -0.939686 0.342037 0.000408216  -0.322985 -0.88695 -0.33015  -0.112562 -0.31037 0.943928 525
 0.0101524 -0.236093 0.958679  -0.939687 0.342037 0.000402485  -0.320068 -0.878916 -0.353644  -0.120605 -0.332443 0.93538 562
 0.0097694 -0.237145 0.958247  -0.939687 0.342038 0.000399316  -0.318223 -0.873832 -0.367634  -0.125396 -0.345587 0.929971 586
 0.00938862 -0.23819 0.957798  -0.939685 0.342037 0.000395571  -0.316304 -0.868548 -0.381541  -0.130158 -0.358654 0.924352 587
 0.00863419 -0.240261 0.956851  -0.939685 0.342036 0.000388494  -0.312254 -0.8574 -0.409095  -0.139592 -0.384543 0.912491 586
 0.00801316 -0.241966 0.956012  -0.939687 0.342037 0.000382997  -0.308666 -0.847522 -0.431778  -0.14736 -0.405854 0.90198 585
 0.00764405 -0.24298 0.955486  -0.939688 0.342036 0.000379023  -0.306418 -0.841341 -0.445258  -0.151975 -0.41852 0.895402 588
 0.00703501 -0.244651 0.954575  -0.939685 0.342035 0.000373253  -0.302521 -0.830614 -0.467501  -0.159592 -0.439417 0.883992 602
 0.00667339 -0.245644 0.954007  -0.939688 0.342037 0.000370085  -0.300093 -0.823934 -0.480709  -0.164115 -0.451827 0.87688 600
 0.00631473 -0.246629 0.953423  -0.939687 0.342037 0.000366855  -0.297595 -0.817063 -0.493808  -0.168601 -0.464134 0.869571 588
 0.00595912 -0.247605 0.952824  -0.939687 0.342036 0.000362844  -0.29503 -0.81001 -0.506794  -0.173048 -0.476335 0.862067 597
 0.00537339 -0.249213 0.95179  -0.939687 0.342035 0.000357013  -0.290609 -0.797851 -0.528185  -0.180373 -0.496433 0.849129 604
 0.00502626 -0.250166 0.951149  -0.939685 0.342034 0.000353567  -0.287868 -0.790314 -0.540862  -0.184714 -0.508343 0.841111 604
 0.00468247 -0.251109 0.950494  -0.939688 0.342035 0.000350145  -0.285064 -0.782603 -0.553419  -0.189014 -0.520141 0.832903 610
 0.00400517 -0.252968 0.949138  -0.939687 0.342035 0.000343264  -0.279262 -0.76665 -0.578153  -0.197485 -0.543379 0.815928 595
 0.00345161 -0.254488 0.947962  -0.939688 0.342035 0.000337949  -0.274236 -0.752828 -0.598369  -0.204409 -0.562372 0.801221 603
 0.00312437 -0.255386 0.947238  -0.939687 0.342035 0.000334283  -0.271136 -0.744309 -0.610319  -0.208501 -0.573599 0.792156 614
 0.00248122 -0.257151 0.945747  -0.939686 0.342034 0.000327203  -0.264756 -0.72677 -0.633804  -0.216545 -0.595664 0.773493 619
 0.00195716 -0.25859 0.944461  -0.939687 0.342033 0.000320914  -0.259256 -0.711655 -0.652941  -0.223099 -0.613644 0.757408 618
 0.00164807 -0.259438 0.943672  -0.939689 0.342035 0.000318143  -0.255879 -0.702373 -0.664229  -0.226966 -0.624249 0.747529 620
 0.00114204 -0.260827 0.942326  -0.939688 0.342033 0.000311964  -0.250121 -0.686549 -0.682708  -0.233295 -0.641611 0.730691 619
 0.000844012 -0.261645 0.941501  -0.939688 0.342033 0.000308362  -0.246591 -0.676849 -0.693591  -0.237022 -0.651835 0.720369 608
 0.000550253 -0.262451 0.940663  -0.939686 0.342033 0.000304899  -0.243006 -0.666995 -0.704317  -0.240697 -0.661912 0.709885 616
 -2.41853e-05 -0.264028 0.93895  -0.939689 0.342032 0.000297781  -0.235671 -0.646844 -0.725295  -0.247882 -0.681621 0.688438 624
 -0.000489255 -0.265305 0.937483  -0.939689 0.342033 0.000292495  -0.229398 -0.629606 -0.742277  -0.253699 -0.697576 0.670093 633
 -0.000762219 -0.266054 0.936587  -0.93969 0.342032 0.000288311  -0.225563 -0.619073 -0.752245  -0.257113 -0.706941 0.658884 627
 -0.00129418 -0.267514 0.93476  -0.939687 0.342032 0.000281537  -0.217744 -0.597589 -0.771669  -0.263767 -0.725189 0.636024 612
 -0.00172298 -0.268691 0.933203  -0.939687 0.342031 0.000275728  -0.211079 -0.579276 -0.787326  -0.269131 -0.7399 0.616536 602
 -0.00197381 -0.269379 0.932253  -0.939688 0.342032 0.000272844  -0.207016 -0.568114 -0.796486  -0.272269 -0.748505 0.604657 610
 -0.00238093 -0.270496 0.930647  -0.939688 0.342031 0.000266463  -0.200139 -0.549227 -0.811353  -0.277361 -0.762472 0.584557 605
 -0.00261855 -0.271149 0.929669  -0.939688 0.342032 0.000263682  -0.195955 -0.537729 -0.820029  -0.280335 -0.770623 0.572322 611
 -0.00285112 -0.271787 0.92868  -0.939686 0.342031 0.000259711  -0.191725 -0.526111 -0.82852  -0.283243 -0.778601 0.559958 617
 -0.00307858 -0.272411 0.927682  -0.939687 0.342031 0.000256501  -0.187453 -0.514374 -0.836826  -0.286089 -0.786404 0.547468 612
 -0.0034462 -0.27342 0.925996  -0.939688 0.34203 0.000250444  -0.180237 -0.494557 -0.850251  -0.290688 -0.799016 0.526378 618
 -0.0036598 -0.274006 0.924972  -0.93969 0.342031 0.000247165  -0.175854 -0.482519 -0.858051  -0.293361 -0.806345 0.513564 620
 -0.00386812 -0.274578 0.923939  -0.939688 0.34203 0.000243311  -0.171431 -0.47037 -0.865657  -0.295966 -0.81349 0.500637 615
 -0.0042687 -0.275677 0.921845  -0.939688 0.342029 0.00023595  -0.16247 -0.44576 -0.880284  -0.300978 -0.827232 0.474446 612
 -0.00458596 -0.276548 0.920075  -0.939688 0.34203 0.000230865  -0.154892 -0.424944 -0.891869  -0.304948 -0.838115 0.452294 618
 -0.004769 -0.277051 0.919001  -0.939687 0.34203 0.000227252  -0.150297 -0.412325 -0.898552  -0.307238 -0.844393 0.438866 608
 -0.00506174 -0.277854 0.917195  -0.939689 0.342029 0.000221123  -0.142564 -0.391092 -0.909242  -0.310901 -0.854437 0.416267 603
 -0.00522992 -0.278316 0.916101  -0.939687 0.342029 0.000217862  -0.137882 -0.378232 -0.915383  -0.313006 -0.860206 0.402582 619
 -0.00539247 -0.278762 0.915  -0.939691 0.34203 0.000214559  -0.133169 -0.36529 -0.92132  -0.31504 -0.865783 0.388806 628
 -0.00554933 -0.279192 0.913891  -0.93969 0.342028 0.000210374  -0.128425 -0.352264 -0.927048  -0.317003 -0.871164 0.374943 634
 -0.00579806 -0.279875 0.91203  -0.939689 0.342029 0.000205042  -0.120455 -0.330377 -0.93613  -0.320116 -0.879697 0.351652 640
 -0.00593962 -0.280263 0.910904  -0.939689 0.342029 0.000201549  -0.115637 -0.317146 -0.9413  -0.321888 -0.884553 0.337571 637
 -0.00611933 -0.280757 0.909394  -0.939689 0.342029 0.000196425  -0.109172 -0.299394 -0.947863  -0.324138 -0.890718 0.318678 643
 -0.0063694 -0.281443 0.907109  -0.93969 0.342029 0.000189667  -0.0993943 -0.272545 -0.956995  -0.327268 -0.899297 0.290103 638
 -0.00652302 -0.281865 0.905575  -0.93969 0.342028 0.00018632  -0.0928269 -0.254509 -0.962605  -0.329191 -0.904568 0.270908 640
 -0.00663132 -0.282162 0.904418  -0.939689 0.342028 0.000182748  -0.087875 -0.240912 -0.96656  -0.330546 -0.908283 0.256439 632
 -0.00679856 -0.282621 0.90248  -0.93969 0.342028 0.000177022  -0.07958 -0.218135 -0.972669  -0.332641 -0.914021 0.232198 629
 -0.00689092 -0.282875 0.901312  -0.93969 0.342027 0.000172726  -0.0745773 -0.204402 -0.976042  -0.333797 -0.91719 0.217582 617
 -0.00697726 -0.283112 0.90014  -0.939689 0.342027 0.000169377  -0.0695584 -0.190621 -0.979196  -0.334879 -0.920152 0.202916 620
 -0.00705757 -0.283332 0.898964  -0.939689 0.342028 0.000166022  -0.064525 -0.176799 -0.982129  -0.335887 -0.922907 0.188206 608
 -0.00713183 -0.283536 0.897784  -0.939692 0.342026 0.000161928  -0.0594759 -0.16294 -0.984842  -0.336816 -0.925457 0.173454 622
 -0.00724209 -0.283839 0.895812  -0.939689 0.342026 0.000155705  -0.0510317 -0.139755 -0.98887  -0.338198 -0.929239 0.148781 622
 -0.00730012 -0.283998 0.894625  -0.939689 0.342026 0.00015289  -0.0459509 -0.125803 -0.99099  -0.338925 -0.931231 0.133933 617
 -0.00739785 -0.284266 0.892244  -0.939691 0.342027 0.000146017  -0.035757 -0.0978149 -0.994562  -0.340152 -0.934586 0.104145 614
 -0.00746057 -0.284439 0.890254  -0.939691 0.342026 0.000140671  -0.0272383 -0.0744255 -0.996855  -0.34094 -0.936739 0.0792525 590
 -0.00749001 -0.28452 0.889058  -0.939691 0.342026 0.000137443  -0.022118 -0.0603668 -0.997932  -0.34131 -0.93775 0.0642903 606
 -0.0075254 -0.284617 0.887062  -0.939691 0.342027 0.00013088  -0.0135737 -0.0369109 -0.999227  -0.341757 -0.938966 0.0393263 624
 -0.00753842 -0.284653 0.885863  -0.939691 0.342026 0.000127514  -0.0084427 -0.0228233 -0.999704  -0.341922 -0.939413 0.0243338 631
 -0.00754528 -0.284672 0.884664  -0.939689 0.342026 0.000124401  -0.00331003 -0.00872952 -0.999956  -0.34201 -0.939649 0.00933674 628
 -0.00754598 -0.284674 0.883465  -0.939693 0.342025 0.000119897  0.00182459 0.00536252 -0.999985  -0.34202 -0.939677 -0.00566506 628
 -0.00753345 -0.28464 0.881467  -0.939691 0.342024 0.000114844  0.010378 0.0288487 -0.99953  -0.341867 -0.939248 -0.0306583 625
 -0.00751779 -0.284597 0.880274  -0.939689 0.342025 0.000112091  0.0154866 0.0428765 -0.99896  -0.341674 -0.938712 -0.045586 623
 -0.00749627 -0.284538 0.879093  -0.939689 0.342024 0.000108354  0.0205415 0.0567536 -0.998176  -0.341407 -0.937975 -0.0603548 635
 -0.00746924 -0.284464 0.877931  -0.93969 0.342024 0.000104828  0.0255154 0.0704081 -0.997191  -0.341071 -0.937049 -0.0748877 632
 -0.00741303 -0.28431 0.876049  -0.939691 0.342023 9.91274e-05  0.0335758 0.0925366 -0.995143  -0.340371 -0.935124 -0.0984386 635
 -0.00737334 -0.284201 0.874956  -0.939692 0.342024 9.59991e-05  0.038255 0.105381 -0.993696  -0.339878 -0.933764 -0.112111 643
 -0.00732971 -0.284081 0.873892  -0.939692 0.342024 9.29278e-05  0.0428069 0.117879 -0.992105  -0.339334 -0.932269 -0.125412 646
 -0.0072826 -0.283952 0.87286  -0.939691 0.342024 8.9503e-05  0.0472283 0.130016 -0.990387  -0.338748 -0.930653 -0.138328 641
 -0.00719745 -0.283719 0.871208  -0.93969 0.342024 8.53789e-05  0.0542981 0.149428 -0.98728  -0.337686 -0.927734 -0.158986 641
 -0.00714302 -0.283569 0.870259  -0.939692 0.342023 8.23355e-05  0.0583615 0.160583 -0.985296  -0.337007 -0.925869 -0.170859 646
 -0.00708653 -0.283415 0.869341  -0.93969 0.342022 7.96129e-05  0.0622921 0.171375 -0.983234  -0.336302 -0.923932 -0.182343 645
 -0.00702831 -0.283255 0.868453  -0.939692 0.342024 7.65494e-05  0.0660926 0.181805 -0.981111  -0.335577 -0.921937 -0.193447 644
 -0.00692825 -0.28298 0.867041  -0.939691 0.342024 7.25972e-05  0.0721406 0.19841 -0.977461  -0.334329 -0.918506 -0.211118 641
 -0.00686684 -0.282812 0.866232  -0.939693 0.342023 6.96889e-05  0.0756041 0.207917 -0.975221  -0.333562 -0.916402 -0.221237 647
 -0.00674202 -0.28247 0.864697  -0.939691 0.342023 6.51533e-05  0.0821732 0.225951 -0.970667  -0.332005 -0.912122 -0.24043 648
 -0.00663695 -0.282182 0.8635  -0.939692 0.342022 6.18529e-05  0.0872996 0.240027 -0.966833  -0.330693 -0.90852 -0.25541 646
 -0.0065738 -0.282008 0.862815  -0.939692 0.342022 5.99339e-05  0.0902308 0.248075 -0.96453  -0.329905 -0.906355 -0.263975 646
 -0.006448 -0.281663 0.861518  -0.939694 0.342023 5.66706e-05  0.095786 0.263326 -0.959941  -0.328336 -0.902043 -0.280208 639
 -0.00634424 -0.281379 0.860506  -0.939691 0.342022 5.40829e-05  0.100118 0.27522 -0.956154  -0.327041 -0.898484 -0.292864 629
 -0.00628268 -0.28121 0.859927  -0.939691 0.342022 5.06013e-05  0.102595 0.282018 -0.953908  -0.326272 -0.896374 -0.300099 640
 -0.0061815 -0.280933 0.859009  -0.939691 0.342022 4.93842e-05  0.106527 0.292815 -0.950216  -0.32501 -0.892905 -0.311589 631
 -0.00612178 -0.280769 0.858484  -0.939693 0.342022 4.78377e-05  0.108775 0.298987 -0.948038  -0.324264 -0.890858 -0.31816 636
 -0.00606287 -0.280607 0.857977  -0.939691 0.342022 4.53628e-05  0.110943 0.304938 -0.945888  -0.323528 -0.888838 -0.324492 632
 -0.00600482 -0.280448 0.857489  -0.93969 0.342021 4.38214e-05  0.113034 0.310679 -0.943769  -0.322803 -0.886848 -0.330601 622
 -0.00591013 -0.280188 0.856713  -0.93969 0.342021 4.20248e-05  0.116354 0.319796 -0.940314  -0.321621 -0.883601 -0.340303 613
 -0.00585461 -0.280036 0.85627  -0.939693 0.342023 3.97187e-05  0.118254 0.325006 -0.93829  -0.320929 -0.881699 -0.345852 607
 -0.00580009 -0.279886 0.855842  -0.939693 0.342022 3.88251e-05  0.120085 0.330033 -0.9363  -0.320248 -0.879829 -0.351202 606
 -0.00574661 -0.27974 0.85543  -0.939695 0.342021 3.81591e-05  0.121849 0.33488 -0.93435  -0.31958 -0.877997 -0.356361 610
 -0.0056598 -0.279502 0.854775  -0.939691 0.342021 3.62602e-05  0.124654 0.342583 -0.931181  -0.318496 -0.875019 -0.364556 606
 -0.00560914 -0.279363 0.8544  -0.939694 0.342022 3.42993e-05  0.126259 0.346984 -0.929334  -0.317864 -0.873284 -0.369244 612
 -0.00555957 -0.279227 0.854039  -0.939692 0.342021 3.32895e-05  0.127805 0.351231 -0.927525  -0.317245 -0.871583 -0.373761 612
 -0.00546368 -0.278964 0.853354  -0.93969 0.342022 3.10163e-05  0.130738 0.359283 -0.924025  -0.316048 -0.868295 -0.382329 618
 -0.0053871 -0.278754 0.85282  -0.939691 0.342022 2.92974e-05  0.133026 0.365563 -0.921231  -0.315092 -0.86567 -0.389013 621
 -0.0053426 -0.278632 0.852514  -0.939693 0.342021 2.86202e-05  0.134334 0.369154 -0.919609  -0.314536 -0.864146 -0.392837 622
 -0.00527082 -0.278435 0.852028  -0.939691 0.342021 2.73327e-05  0.136413 0.374864 -0.916989  -0.31364 -0.861683 -0.398911 621
 -0.00522917 -0.278321 0.851751  -0.939693 0.342022 2.60084e-05  0.137603 0.378129 -0.915469  -0.31312 -0.860256 -0.402389 613
 -0.00518857 -0.278209 0.851483  -0.939693 0.342022 2.50199e-05  0.138751 0.381279 -0.913989  -0.312613 -0.858864 -0.405741 620
 -0.00512321 -0.27803 0.851057  -0.939693 0.342022 2.3919e-05  0.140575 0.386288 -0.911604  -0.311797 -0.856623 -0.411072 614
 -0.00507296 -0.277892 0.850733  -0.93969 0.342021 2.26829e-05  0.141958 0.390086 -0.909769  -0.311169 -0.8549 -0.415111 614
 -0.00501263 -0.277727 0.85035  -0.939691 0.342021 2.18505e-05  0.143597 0.394586 -0.907569  -0.310416 -0.852832 -0.419902 616
 -0.004955 -0.277569 0.84999  -0.939694 0.342021 2.04797e-05  0.145143 0.398829 -0.905467  -0.309697 -0.850857 -0.42442 614
 -0.00492168 -0.277477 0.849783  -0.939693 0.342021 1.97439e-05  0.146027 0.401256 -0.904251  -0.309281 -0.849715 -0.427002 615
 -0.00488929 -0.277389 0.849584  -0.939693 0.34202 1.9611e-05  0.14688 0.403601 -0.903068  -0.308876 -0.848604 -0.429497 613
 -0.0048578 -0.277302 0.849391  -0.93969 0.342021 1.85107e-05  0.147704 0.405863 -0.901919  -0.308483 -0.847523 -0.431902 619
 -0.00480727 -0.277164 0.849085  -0.939694 0.342022 1.72053e-05  0.149015 0.409459 -0.900077  -0.307853 -0.845793 -0.435734 628
 -0.00477811 -0.277084 0.84891  -0.939692 0.342021 1.70642e-05  0.149765 0.411519 -0.899012  -0.307488 -0.844792 -0.437923 616
 -0.00474978 -0.277006 0.848741  -0.939692 0.34202 1.67218e-05  0.150488 0.413506 -0.897979  -0.307134 -0.843821 -0.440038 620
 -0.00469556 -0.276857 0.84842  -0.939693 0.342021 1.52811e-05  0.151863 0.417278 -0.896001  -0.306457 -0.841963 -0.444053 624
 -0.0046535 -0.276742 0.848173  -0.939692 0.342021 1.4598e-05  0.152919 0.420179 -0.894464  -0.305932 -0.840518 -0.447141 617
 -0.00463443 -0.276689 0.848061  -0.939692 0.342021 1.51437e-05  0.153397 0.421495 -0.893762  -0.305692 -0.839859 -0.44854 618
 -0.00461257 -0.276628 0.847933  -0.939692 0.342021 1.4808e-05  0.153946 0.422999 -0.892957  -0.305417 -0.839103 -0.450141 614
 -0.00460367 -0.276603 0.847881  -0.939692 0.342021 1.55346e-05  0.154168 0.423613 -0.892627  -0.305304 -0.838793 -0.450795 608
 -0.004597 -0.276585 0.847841  -0.939694 0.342021 1.56671e-05  0.154336 0.424073 -0.892381  -0.30522 -0.838561 -0.451286 612
 -0.00459201 -0.276571 0.847812  -0.939693 0.34202 1.6555e-05  0.15446 0.424419 -0.892194  -0.305155 -0.838386 -0.451652 609
 -0.00458634 -0.276554 0.847778  -0.939694 0.342021 1.64089e-05  0.154605 0.424815 -0.891981  -0.305083 -0.838185 -0.452075 615
 -0.00458406 -0.276548 0.847764  -0.939691 0.34202 1.73749e-05  0.154662 0.424977 -0.891893  -0.305053 -0.838103 -0.452244 609
 -0.00458238 -0.276543 0.847754  -0.939693 0.342021 1.73279e-05  0.154707 0.425099 -0.891828  -0.305031 -0.838041 -0.452376 603
 -0.0045805 -0.276537 0.847742  -0.939692 0.34202 1.78578e-05  0.154756 0.425237 -0.891753  -0.305005 -0.837971 -0.452521 607
 -0.00457976 -0.276535 0.847737  -0.939693 0.34202 1.85632e-05  0.154777 0.425295 -0.891722  -0.304995 -0.837942 -0.452583 609
 -0.00457924 -0.276533 0.847733  -0.939693 0.34202 1.88691e-05  0.154792 0.425337 -0.8917  -0.304987 -0.837921 -0.452628 608
 -0.00457887 -0.276531 0.847731  -0.939694 0.34202 1.88287e-05  0.154804 0.425369 -0.891683  -0.304982 -0.837905 -0.452663 609
 -0.00457876 -0.276531 0.84773  -0.939692 0.342021 1.81706e-05  0.154808 0.425376 -0.891678  -0.304981 -0.8379 -0.45267 617
 -0.00457856 -0.27653 0.847728  -0.939694 0.342022 1.83763e-05  0.154814 0.425394 -0.891669  -0.304978 -0.837891 -0.452691 611
 -0.00458317 -0.276543 0.847755  -0.939694 0.342021 1.8749e-05  0.154701 0.425085 -0.891836  -0.305035 -0.838049 -0.452362 604
 -0.00459338 -0.276571 0.847813  -0.939694 0.34202 1.94995e-05  0.154449 0.424396 -0.892208  -0.305161 -0.838398 -0.451628 606
 -0.00461865 -0.27664 0.84796  -0.93969 0.34202 1.94003e-05  0.153824 0.42268 -0.893129  -0.305477 -0.839263 -0.449798 604
 -0.00464177 -0.276704 0.848094  -0.939692 0.34202 1.9511e-05  0.153249 0.421099 -0.893974  -0.305765 -0.840058 -0.448118 604
 -0.00468525 -0.276823 0.848349  -0.939693 0.342021 1.93487e-05  0.152161 0.418109 -0.895562  -0.306309 -0.84155 -0.444936 605
 -0.00473853 -0.276969 0.848664  -0.939694 0.34202 1.98986e-05  0.150812 0.414405 -0.89751  -0.306975 -0.843381 -0.440996 610
 -0.00480077 -0.27714 0.849037  -0.939692 0.342021 1.93899e-05  0.149219 0.410027 -0.899784  -0.307753 -0.845517 -0.436336 607
 -0.00484683 -0.277267 0.849316  -0.939692 0.34202 1.96561e-05  0.148026 0.40675 -0.901467  -0.308328 -0.847099 -0.432847 607
 -0.00492214 -0.277474 0.849778  -0.939691 0.34202 2.00567e-05  0.146049 0.40132 -0.904218  -0.309269 -0.849684 -0.427067 611
 -0.00497615 -0.277622 0.850114  -0.939693 0.342021 1.97239e-05  0.144611 0.397368 -0.906194  -0.309945 -0.85154 -0.422864 613
 -0.00503292 -0.277778 0.850472  -0.939694 0.342022 1.91662e-05  0.143082 0.393162 -0.908269  -0.310655 -0.85349 -0.41839 610
 -0.00510742 -0.277983 0.850949  -0.939693 0.342021 1.9612e-05  0.141042 0.38756 -0.910991  -0.311586 -0.856049 -0.412427 623
 -0.00516957 -0.278154 0.851354  -0.939694 0.342022 1.91625e-05  0.139314 0.38281 -0.913263  -0.312363 -0.858183 -0.407373 622
 -0.00526651 -0.27842 0.851997  -0.939695 0.342021 1.96592e-05  0.136564 0.375258 -0.916806  -0.313574 -0.861513 -0.399337 615
 -0.00536727 -0.278697 0.852682  -0.939691 0.342021 1.96389e-05  0.133635 0.367212 -0.920487  -0.314833 -0.864972 -0.390772 618
 -0.00543621 -0.278886 0.853161  -0.939692 0.342021 1.95084e-05  0.131587 0.361584 -0.923007  -0.315695 -0.86734 -0.384783 615
 -0.00550633 -0.279079 0.853657  -0.939693 0.342022 1.94933e-05  0.129465 0.355752 -0.92557  -0.316572 -0.869748 -0.378578 607
 -0.00561328 -0.279373 0.854433  -0.939694 0.342021 2.017e-05  0.126145 0.346635 -0.92948  -0.317908 -0.873423 -0.368876 622
 -0.00573998 -0.279721 0.855384  -0.939693 0.342021 1.99934e-05  0.122079 0.335464 -0.93411  -0.319492 -0.877773 -0.356987 619
 -0.00579468 -0.279871 0.855806  -0.939694 0.342022 1.9744e-05  0.120276 0.330506 -0.936109  -0.320176 -0.879652 -0.351712 619
 -0.0059227 -0.280223 0.856824  -0.939692 0.342022 1.98745e-05  0.115927 0.31856 -0.940787  -0.321776 -0.884048 -0.338997 614
 -0.00597756 -0.280374 0.857273  -0.939693 0.342023 1.97003e-05  0.114006 0.31328 -0.942793  -0.322463 -0.885933 -0.33338 622
 -0.00610504 -0.280724 0.858352  -0.939693 0.342021 1.92747e-05  0.109395 0.300613 -0.947452  -0.324054 -0.890311 -0.319899 618
 -0.00615929 -0.280873 0.858826  -0.939691 0.342021 2.00644e-05  0.107364 0.295037 -0.949434  -0.324732 -0.892174 -0.313963 605
 -0.00623111 -0.28107 0.85947  -0.939693 0.342022 1.89392e-05  0.104612 0.28747 -0.95206  -0.325631 -0.894641 -0.305913 609
 -0.0062845 -0.281217 0.859962  -0.939691 0.342022 2.02664e-05  0.10251 0.281699 -0.954011  -0.326298 -0.896474 -0.29977 603
 -0.00635495 -0.281411 0.860627  -0.939692 0.342021 1.9472e-05  0.0996644 0.27388 -0.956586  -0.327177 -0.898895 -0.29145 603
 -0.00640716 -0.281554 0.861134  -0.939693 0.342023 1.97023e-05  0.0974971 0.267923 -0.958495  -0.327832 -0.900688 -0.285113 621
 -0.00647582 -0.281743 0.861821  -0.939694 0.342022 2.04501e-05  0.0945622 0.259863 -0.961005  -0.32869 -0.903047 -0.276535 623
 -0.00657652 -0.28202 0.862871  -0.939692 0.342022 1.99491e-05  0.090073 0.247528 -0.964685  -0.329948 -0.906505 -0.263407 632
 -0.00667408 -0.282288 0.863945  -0.939692 0.342022 1.95232e-05  0.0854816 0.234912 -0.96825  -0.331168 -0.909855 -0.249982 636
 -0.00672156 -0.282418 0.864491  -0.939692 0.342022 1.87882e-05  0.0831493 0.228503 -0.969986  -0.331761 -0.911486 -0.243161 632
 -0.00676811 -0.282546 0.865042  -0.939692 0.342023 1.99578e-05  0.0807914 0.222027 -0.971688  -0.332344 -0.913085 -0.23627 635
 -0.00682865 -0.282712 0.865785  -0.93969 0.342022 1.8466e-05  0.0776141 0.213295 -0.973899  -0.333099 -0.915164 -0.226975 646
 -0.00691597 -0.282952 0.866918  -0.939692 0.342022 2.08882e-05  0.072769 0.19999 -0.977092  -0.334191 -0.918164 -0.212818 645
 -0.00699878 -0.28318 0.86807  -0.939694 0.342023 1.9737e-05  0.067843 0.186452 -0.98012  -0.335226 -0.921009 -0.198413 645
 -0.00705134 -0.283324 0.868849  -0.939691 0.342023 1.98808e-05  0.0645125 0.177302 -0.982039  -0.335884 -0.922813 -0.188673 643
 -0.00712595 -0.283529 0.870033  -0.939692 0.342022 1.90931e-05  0.0594531 0.1634 -0.984767  -0.336815 -0.925376 -0.17388 642
 -0.00720624 -0.28375 0.871435  -0.939693 0.342022 1.88505e-05  0.0534571 0.146925 -0.987703  -0.337819 -0.928135 -0.156349 640
 -0.00726897 -0.283923 0.872655  -0.939692 0.342022 2.0555e-05  0.0482411 0.1326 -0.989995  -0.338603 -0.930289 -0.141102 637
 -0.00729814 -0.284003 0.873271  -0.939691 0.342023 1.85554e-05  0.0456117 0.12537 -0.991061  -0.338968 -0.931291 -0.133409 642
 -0.00733469 -0.284103 0.874097  -0.939694 0.342023 2.06919e-05  0.0420761 0.115661 -0.992398  -0.339425 -0.932547 -0.123079 645
 -0.00736849 -0.284196 0.87493  -0.939691 0.342023 1.96947e-05  0.0385173 0.105882 -0.993632  -0.339847 -0.933707 -0.11267 638
 -0.00741389 -0.284321 0.87619  -0.939692 0.342023 1.933e-05  0.03313 0.0910794 -0.995292  -0.340414 -0.935267 -0.0969178 637
 -0.00743416 -0.284377 0.876825  -0.939691 0.342023 2.04577e-05  0.0304158 0.0836254 -0.996033  -0.340668 -0.935963 -0.088985 645
 -0.00745859 -0.284444 0.877676  -0.93969 0.342024 1.9149e-05  0.0267779 0.0736271 -0.996926  -0.340974 -0.936802 -0.0783446 641
 -0.00748958 -0.284529 0.878962  -0.939691 0.342023 2.11672e-05  0.0212778 0.0585217 -0.998059  -0.34136 -0.937867 -0.0622694 645
 -0.00750248 -0.284564 0.879609  -0.93969 0.342023 1.90914e-05  0.0185133 0.0509207 -0.99853  -0.341522 -0.93831 -0.0541804 642
 -0.00751363 -0.284595 0.880259  -0.939693 0.342023 2.02028e-05  0.0157344 0.0432877 -0.998939  -0.341661 -0.938695 -0.04606 639
 -0.00752299 -0.284621 0.880911  -0.939692 0.342023 1.96879e-05  0.0129475 0.0356296 -0.999282  -0.341778 -0.939016 -0.0379099 640
 -0.00753056 -0.284642 0.881565  -0.939691 0.342023 1.95874e-05  0.0101492 0.0279418 -0.999558  -0.341873 -0.939276 -0.0297275 649
 -0.00753782 -0.284662 0.882441  -0.93969 0.342024 2.0039e-05  0.00640402 0.0176539 -0.999823  -0.341964 -0.939525 -0.0187782 647
